3 193 2 1
4 196 0 1
5 196 3 2
6 383 3 2
9 683 1 0
10 683 0 1
17 247 1 0
17 296 2 3
29 804 2 1
30 954 1 0
39 935 3 2
46 79 1 0
46 667 3 2
47 524 2 1
52 0 1 2
62 656 1 0
65 714 1 0
92 796 1 0
98 447 2 1
101 635 1 2
101 636 1 0
106 364 2 1
112 463 0 1
116 852 3 2
120 262 3 2
120 523 2 3
121 523 2 1
134 599 1 0
163 595 3 2
164 595 1 2
178 895 1 2
202 160 1 0
203 739 3 2
205 48 2 1
222 798 3 2
224 865 0 1
254 47 0 1
255 47 2 1
255 137 0 1
257 262 2 1
257 634 0 1
275 945 2 3
280 975 2 3
291 193 1 2
292 193 3 2
293 193 1 2
314 350 0 1
332 23 2 3
333 305 3 2
342 647 2 1
351 1005 0 1
407 752 2 1
410 928 2 3
411 96 0 1
412 607 1 2
414 700 1 0
415 158 0 1
419 896 3 2
424 165 2 1
461 232 1 2
466 663 3 2
470 254 2 1
479 699 2 1
491 335 1 2
496 836 1 0
497 563 2 1
504 651 3 2
513 252 3 2
520 692 1 0
523 431 1 2
527 431 2 1
544 539 0 1
545 539 1 0
548 470 1 2
555 807 3 2
557 994 0 1
559 761 2 1
569 634 1 2
572 87 2 1
581 669 2 1
596 330 0 1
611 819 2 1
624 667 3 2
627 164 2 3
627 675 2 1
629 328 2 3
636 5 2 1
639 160 2 1
640 160 1 2
641 160 2 1
645 164 1 2
664 825 1 2
667 351 1 0
682 237 1 2
700 133 2 1
717 271 1 0
724 375 3 2
726 696 2 1
730 474 2 3
744 256 2 1
752 616 3 2
757 10 2 3
769 642 2 3
770 642 3 2
788 726 3 2
791 314 2 3
794 575 2 1
801 721 3 2
802 447 2 1
803 393 1 0
816 872 1 0
827 427 1 2
831 511 2 1
832 511 1 2
836 32 2 1
844 642 2 3
845 642 2 1
846 610 2 3
865 747 2 3
899 657 1 0
909 342 3 2
909 796 0 1
949 518 2 1
952 257 2 1
960 109 3 2
962 990 0 1
984 365 1 2
985 365 1 0
987 354 1 2
988 778 1 0
993 690 1 0
999 605 2 3
1012 368 1 2
1022 234 1 2
1022 467 1 2
1022 900 2 3
1022 957 1 2
